73,3
73,2
73,1
73,0
0,533
0,532
0,531
0,530
72,7
72,6
72,5
72,4
72,3
72,2
72,1
72,0
0,529
0,528
0,527
71,4
71,3
71,2
71,1
71,0
0,526
0,525
0,524
0,523
70,3
70,2
70,1
70,0
0,522
0,521
0,520
0,519
0,518
0,517
69,3
69,2
69,1
69,0
68,3
68,2
68,1
68,0
67,3
67,2
67,1
67,0
66,4
66,3
66,2
66,1
66,0
0,516
65,3
65,2
65,1
65,0
0,515
0,514
0,513
0,512
0,511
0,510
0,509
64,3
64,2
0,508
64,1
64,0
0,507
0,506
0,505
0,504
0,503
0,502
0,501
0,500
0,499
0,498
0,497
0,496
0,495
63,3
63,2
0,494
63,1
63,0
0,493
0,492
0,491
0,490
0,489
0,488
0,487
0,486
0,485
0,484
0,483
62,4
62,3
62,2
62,1
62,0
0,482
0,481
0,480
0,479
61,3
61,2
61,1
61,0
0,478
0,477
0,476
0,475
0,474
0,473
14,5
14,4
0,472
0,471
0,470
60,11
60,10
60,9
0,469
60,8
60,7
60,6
60,5
60,4
60,3
60,2
60,1
60,0
0,468
59,4
59,3
59,2
59,1
59,0
0,467
58,8
58,7
58,6
58,5
58,4
58,3
58,2
58,1
58,0
0,466
57,5
57,4
57,3
57,2
57,1
57,0
56,4
56,3
56,2
56,1
56,0
55,6
55,5
55,4
55,3
55,2
55,1
55,0
0,465
54,4
54,3
54,2
54,1
